[1] "Table of Cluster frequencies:"

  1   2   3   4   5 
376 404 192 282 573 
[1] "distribution of runLengths:"

  1   2   3   4   5   6   7   8   9  10  11  12  13 
 70  44  30  28  11  13  16   6   2   7   4   3   4 
 14  15  16  17  18  19  22  23  24  25  31  33  92 
  1   5   2   3   3   1   2   1   1   2   1   1   1 
 94  97 103 118 
  1   1   1   1 
[1] 0.1559147
  cluster size ave.sil.width
1       1  376          0.15
2       2  404          0.07
3       3  192          0.13
4       4  282          0.07
5       5  573          0.27
