[1] "Table of Cluster frequencies:"

  1   2   3   4   5 
213 370 397 297 549 
[1] "distribution of runLengths:"

  1   2   3   4   5   6   7   8   9  10  11  12  13 
 70  62  41  25  18   7  11   8   6   8   4   5   1 
 14  15  16  17  19  20  22  23  24  28  29  92  93 
  1   1   1   2   2   1   3   2   4   1   1   1   1 
 99 100 
  2   1 
[1] 0.1502683
  cluster size ave.sil.width
1       1  213          0.09
2       2  370          0.14
3       3  397          0.06
4       4  297          0.11
5       5  549          0.27
