[1] "Table of Cluster frequencies:"

  1   2   3   4   5 
287 340 338 360 502 
[1] "distribution of runLengths:"

  1   2   3   4   5   6   7   8   9  10  11  12  13  14  15  16  17  18  19  20  21  22  24  26  29  35  45  63 
128  69  42  28  23  18   9  12   8   9   2   7   4   3   1   4   2   3   1   3   1   3   2   1   1   1   1   1 
[1] 0.1201468
  cluster size ave.sil.width
1       1  287          0.14
2       2  340          0.09
3       3  338          0.08
4       4  360          0.06
5       5  502          0.20
