[1] "Table of Cluster frequencies:"

  1   2   3   4   5 
358 217 491 509 252 
[1] "distribution of runLengths:"

  1   2   3   4   5   6   7   8   9  10  11  12  13  14  15  16  17  18  19  20  24  32  33  40  42  66 
160  81  44  28  20  15  20  12   4   7   3   1   4   6   2   1   3   3   4   1   2   1   1   2   1   1 
[1] 0.1115905
  cluster size ave.sil.width
1       1  358          0.18
2       2  217          0.11
3       3  491          0.05
4       4  509          0.16
5       5  252          0.02
