[1] "Table of Cluster frequencies:"

  1   2   3   4   5 
375 195 401 281 575 
[1] "distribution of runLengths:"

  1   2   3   4   5   6   7   8   9  10  11  12  13  14  15  16  17  18  19  22  23  24  31  33  92  94  97 103 118 
 75  43  31  28   9  15  15   6   2   7   4   3   4   2   3   3   2   4   1   2   1   3   1   1   1   1   1   1   1 
[1] 0.158473
  cluster size ave.sil.width
1       1  375          0.16
2       2  195          0.13
3       3  401          0.07
4       4  281          0.08
5       5  575          0.27
