[1] "Table of Cluster frequencies:"

  1   2   3   4   5 
215 368 399 293 551 
[1] "distribution of runLengths:"

  1   2   3   4   5   6   7   8   9  10  11  12  13  14  16  17  19  20  21  22  23  24  28  39  93  99 100 116 
 61  59  40  28  17   7  12   8   6   7   3   4   3   1   1   2   2   1   1   3   1   4   1   1   2   1   1   1 
[1] 0.153106
  cluster size ave.sil.width
1       1  215          0.09
2       2  368          0.14
3       3  399          0.06
4       4  293          0.11
5       5  551          0.27
