[1] "Table of Cluster frequencies:"

  1   2   3   4   5 
277 397 357 318 477 
[1] "distribution of runLengths:"

  1   2   3   4   5   6   7   8   9  10  11  12  13  14  15  16  17  18  19  22  23  24  25  33  34  41  49  51  64 
162  72  51  30  26   9  12  10   5   9   4   6   3   2   2   2   2   3   1   1   3   1   1   1   1   1   1   1   1 
[1] 0.1202366
  cluster size ave.sil.width
1       1  277          0.07
2       2  397          0.14
3       3  357          0.09
4       4  318          0.05
5       5  477          0.21
