[1] "Table of Cluster frequencies:"

  1   2   3   4   5   6 
346 192 268 251 257 513 
[1] "distribution of runLengths:"

  1   2   3   4   5   6   7   8   9  10  11  12  13 
102  61  38  32  15  21  18   9   9   6   3   4   5 
 14  15  16  17  19  20  21  23  24  29  33  36  53 
  2   1   2   1   2   1   3   1   1   1   1   1   1 
 61  64  65  74 
  1   1   1   1 
[1] 0.1400341
  cluster size ave.sil.width
1       1  346          0.15
2       2  192          0.08
3       3  268          0.08
4       4  251          0.09
5       5  257          0.12
6       6  513          0.22
