[1] "Table of Cluster frequencies:"

  1   2   3   4   5   6 
351 143 405 276 213 438 
[1] "distribution of runLengths:"

 1  2  3  4  5  6  7  8  9 10 11 12 13 14 15 16 19 
93 51 29 20 23 15 18 12  9  8  5  8  8  4  2  2  2 
20 22 23 24 25 26 27 28 30 34 40 
 3  1  1  3  2  2  2  1  1  1  1 
[1] 0.1319936
  cluster size ave.sil.width
1       1  351          0.10
2       2  143          0.17
3       3  405          0.12
4       4  276          0.08
5       5  213          0.08
6       6  438          0.21
