[1] "Table of Cluster frequencies:"

  1   2   3   4   5 
370 224 376 287 570 
[1] "distribution of runLengths:"

  1   2   3   4   5   6   7   8   9  10  11  12  13 
 68  46  28  24  14  13  13  11   6   2   3   5   1 
 14  15  16  17  18  20  22  24  25  26  32  33  35 
  3   3   2   4   1   1   2   2   1   1   1   1   1 
 94  97 103 115 
  1   1   2   1 
[1] 0.1625086
  cluster size ave.sil.width
1       1  370          0.16
2       2  224          0.13
3       3  376          0.08
4       4  287          0.08
5       5  570          0.28
