[1] "Table of Cluster frequencies:"

  1   2   3   4   5   6 
344 145 406 281 213 437 
[1] "distribution of runLengths:"

 1  2  3  4  5  6  7  8  9 10 11 12 13 14 15 16 17 
91 48 33 18 23 13 19 13  9  8  5  7  6  5  2  1  1 
19 20 22 23 24 25 26 27 28 30 40 59 
 2  3  1  1  4  1  2  2  1  1  1  1 
[1] 0.1309473
  cluster size ave.sil.width
1       1  344          0.10
2       2  145          0.17
3       3  406          0.12
4       4  281          0.08
5       5  213          0.08
6       6  437          0.21
