[1] "Table of Cluster frequencies:"

  1   2   3   4   5 
464 178 247 411 527 
[1] "distribution of runLengths:"

  1   2   3   4   5   6   7   8   9  10  12  13  14 
 70  37  31  19  18  10  14   5   6   2   2   6   2 
 15  16  17  19  20  21  22  24  28  30  31  36  43 
  3   2   6   2   1   2   1   2   2   1   1   1   1 
 48  75  77  80  92 105 
  1   1   1   1   1   1 
[1] 0.1529549
  cluster size ave.sil.width
1       1  464          0.17
2       2  178          0.10
3       3  247          0.07
4       4  411          0.08
5       5  527          0.25
