[1] "Table of Cluster frequencies:"

  1   2   3   4   5 
387 387 190 293 570 
[1] "distribution of runLengths:"

  1   2   3   4   5   6   7   8   9  10  11  12  13 
 63  47  29  26  11  16  12   9   5   3   5   3   4 
 14  15  16  17  18  19  22  23  24  25  26  30  33 
  1   3   1   2   3   1   2   1   1   2   1   1   1 
 35  94  96  97 103 117 
  1   1   1   1   1   1 
[1] 0.1604589
  cluster size ave.sil.width
1       1  387          0.15
2       2  387          0.08
3       3  190          0.14
4       4  293          0.07
5       5  570          0.28
