[1] "Table of Cluster frequencies:"

  1   2   3   4   5 
399 341 248 464 374 
[1] "distribution of runLengths:"

  1   2   3   4   5   6   7   8   9  10  11  12  13  14  15  16  17  18  19  20  21  23  24  26  27  30 
175  96  61  38  33  20  16  11   8   7   7   3   2   1   4   2   1   1   1   1   1   1   1   1   2   1 
[1] 0.09133737
  cluster size ave.sil.width
1       1  399          0.08
2       2  341          0.04
3       3  248          0.14
4       4  464          0.03
5       5  374          0.20
[1] "Table of Cluster frequencies:"

  1   2   3   4   5 
399 341 248 464 374 
[1] "distribution of runLengths:"

  1   2   3   4   5   6   7   8   9  10  11  12  13  14  15  16  17  18  19  20  21  23  24  26  27  30 
175  96  61  38  33  20  16  11   8   7   7   3   2   1   4   2   1   1   1   1   1   1   1   1   2   1 
[1] 0.09521667
  cluster size ave.sil.width
1       1  399          0.11
2       2  341          0.04
3       3  248          0.15
4       4  464          0.04
5       5  374          0.15
