[1] "Table of Cluster frequencies:"

  1   2   3   4   5 
473 378 368 225 383 
[1] "distribution of runLengths:"

  1   2   3   4   5   6   7   8   9  10  11  12  13  14  15  16  17  18  19  20  21  23  24  27  34 
186  79  63  34  29  26  12  14   8   6   4   1   1   2   2   4   2   4   1   2   2   2   1   1   1 
[1] 0.09947516
  cluster size ave.sil.width
1       1  473          0.18
2       2  378          0.00
3       3  368          0.03
4       4  225          0.18
5       5  383          0.12
[1] "Table of Cluster frequencies:"

  1   2   3   4   5 
473 378 368 225 383 
[1] "distribution of runLengths:"

  1   2   3   4   5   6   7   8   9  10  11  12  13  14  15  16  17  18  19  20  21  23  24  27  34 
186  79  63  34  29  26  12  14   8   6   4   1   1   2   2   4   2   4   1   2   2   2   1   1   1 
[1] 0.1103536
  cluster size ave.sil.width
1       1  473          0.15
2       2  378          0.06
3       3  368          0.04
4       4  225          0.13
5       5  383          0.17
