[1] "Table of Cluster frequencies:"

  1   2   3   4   5 
381 323 298 339 486 
[1] "distribution of runLengths:"

  1   2   3   4   5   6   7   8   9  10  11  12  13  14  15  16  17  18  19  20  21  22  24  26  28  34  37  46 
124  63  43  33  23  14  21  11  10   7   4   4   7   4   1   1   1   3   1   3   3   2   1   1   1   1   1   1 
[1] 0.1192676
  cluster size ave.sil.width
1       1  381          0.15
2       2  323          0.07
3       3  298          0.08
4       4  339          0.09
5       5  486          0.17
