[1] "Table of Cluster frequencies:"

  1   2   3   4   5 
477 380 369 223 378 
[1] "distribution of runLengths:"

  1   2   3   4   5   6   7   8   9  10  11  12  13  14  15  16  17  18  19  20  21  23  24  27  34 
187  82  66  33  28  27  12  13   9   6   3   1   2   2   1   5   1   4   1   2   2   2   1   1   1 
[1] 0.1110237
  cluster size ave.sil.width
1       1  477          0.15
2       2  380          0.06
3       3  369          0.04
4       4  223          0.13
5       5  378          0.17
