[1] "Table of Cluster frequencies:"

  1   2   3   4   5 
310 373 394 326 423 
[1] "distribution of runLengths:"

  1   2   3   4   5   6   7   8   9  10  11  12  13  14  15  16  17  18  20  21  24  25  26  34  40 
185  91  57  36  20  11  12  11   8  16   5   5   3   5   2   2   2   1   1   2   1   2   1   1   1 
[1] 0.1057511
  cluster size ave.sil.width
1       1  310          0.11
2       2  373          0.06
3       3  394          0.15
4       4  326          0.01
5       5  423          0.18
