[1] "Table of Cluster frequencies:"

  1   2   3   4   5 
375 301 292 340 519 
[1] "distribution of runLengths:"

  1   2   3   4   5   6   7   8   9  10  11  12  13  14  15  16  18  19  20  21  22  24  29  73  76  85  91 105 
 90  51  36  35  24  17  17   8   8   3   4   6   5   1   2   1   3   1   2   1   1   1   1   1   1   1   1   1 
[1] 0.10615
  cluster size ave.sil.width
1       1  375          0.14
2       2  301          0.05
3       3  292          0.06
4       4  340          0.06
5       5  519          0.18
