[1] "Table of Cluster frequencies:"

  1   2   3   4   5 
359 218 489 505 256 
[1] "distribution of runLengths:"

  1   2   3   4   5   6   7   8   9  10  11  12  13  14  15  17  18  19  20  24  25  32  33  40  42  55  57 
149  79  43  31  19  18  17  13   4   6   3   4   4   4   4   3   3   1   2   2   1   1   1   1   1   1   1 
[1] 0.115791
  cluster size ave.sil.width
1       1  359          0.18
2       2  218          0.12
3       3  489          0.05
4       4  505          0.17
5       5  256          0.02
