[1] "Table of Cluster frequencies:"

  1   2   3   4   5 
587 267 402 351 219 
[1] "distribution of runLengths:"

  1   2   3   4   5   6   7   8   9  10  11  12  13  14  15  16  17  18  19  20  22  23  24  26  27  29  30  41  51 
136  72  41  31  14   9  20  11   6   3  10   6   7   3   1   1   3   2   1   1   5   1   1   1   1   1   2   1   1 
[1] 0.1116398
  cluster size ave.sil.width
1       1  587          0.12
2       2  267          0.12
3       3  402          0.06
4       4  351          0.08
5       5  219          0.20
