[1] "Table of Cluster frequencies:"

  1   2   3   4   5 
193 376 389 318 550 
[1] "distribution of runLengths:"

  1   2   3   4   5   6   7   8   9  10  11  12  13  14  15  16  17  19  21  22  23  24  27  29  92  99 100 104 
 65  56  40  23  16   9  12   7   9   6   4   5   2   1   2   3   2   2   1   1   2   4   1   1   2   1   1   1 
[1] 0.1582934
  cluster size ave.sil.width
1       1  193          0.13
2       2  376          0.14
3       3  389          0.06
4       4  318          0.11
5       5  550          0.28
