[1] "Table of Cluster frequencies:"

  1   2   3   4   5 
386 386 190 287 578 
[1] "distribution of runLengths:"

  1   2   3   4   5   6   7   8   9  10  11  12  13  14  15  16  17  18  19  21  22  23  24  25  26  31  33  96  97 103 117 
 63  48  30  25  12  16  11   6   6   3   4   3   4   2   5   2   2   4   1   1   1   1   1   1   1   1   1   1   1   2   1 
[1] 0.1628123
  cluster size ave.sil.width
1       1  386          0.15
2       2  386          0.07
3       3  190          0.14
4       4  287          0.08
5       5  578          0.28
