[1] "Table of Cluster frequencies:"

  1   2   3   4   5 
333 292 315 360 527 
[1] "distribution of runLengths:"

  1   2   3   4   5   6   7   8   9  10  11  12  13  14  15  16  17  18  19  20  21  22  23  24  29  34  35  45  63 
132  84  42  33  26   9  12  10  11  10   2   7   4   2   1   3   1   2   1   3   2   1   1   2   1   1   1   1   1 
[1] 0.1229741
  cluster size ave.sil.width
1       1  333          0.07
2       2  292          0.14
3       3  315          0.10
4       4  360          0.07
5       5  527          0.19
