[1] "Table of Cluster frequencies:"

  1   2   3   4   5 
290 415 353 314 454 
[1] "distribution of runLengths:"

  1   2   3   4   5   6   7   8   9  10  11  12  13  14  15  16  17  18  19  20  22  23  25  26  27  34  40 
167  63  44  26  24   8  10   8  13   9   5   6   2   8   5   1   3   3   1   2   2   2   1   2   1   1   1 
[1] 0.126785
  cluster size ave.sil.width
1       1  290          0.07
2       2  415          0.13
3       3  353          0.11
4       4  314          0.05
5       5  454          0.23
