[1] "Table of Cluster frequencies:"

   1    2    3    4    5    6 
1728 1952 1422 1672 1619 2565 
[1] "distribution of runLengths:"

  1   2   3   4   5   6   7   8   9  10  11 
627 363 278 165 128 102  68  51  41  40  34 
 12  13  14  15  16  17  18  19  20  21  22 
 26  24  11   6  12  10  11   9  11   9   7 
 23  24  25  26  27  28  29  30  32  33  34 
  6   5   8   1   1   1   1   3   4   2   4 
 35  40  42  45  52  53  58  59  60  61  62 
  1   1   1   1   1   1   1   1   2   4   1 
 63  64  65  68  69  70  76  83  88  89 
  1   1   1   2   2   1   1   1   1   1 
[1] "New Timeline Value:"
[1] 0.3357377
[1] 0.1411078
[1] "Table of Cluster frequencies:"

   1    2    3    4    5    6 
1728 1952 1422 1672 1619 2565 
[1] "distribution of runLengths:"

  1   2   3   4   5   6   7   8   9  10  11 
627 363 278 165 128 102  68  51  41  40  34 
 12  13  14  15  16  17  18  19  20  21  22 
 26  24  11   6  12  10  11   9  11   9   7 
 23  24  25  26  27  28  29  30  32  33  34 
  6   5   8   1   1   1   1   3   4   2   4 
 35  40  42  45  52  53  58  59  60  61  62 
  1   1   1   1   1   1   1   1   2   4   1 
 63  64  65  68  69  70  76  83  88  89 
  1   1   1   2   2   1   1   1   1   1 
[1] "New Timeline Value:"
[1] 0.3357377
[1] 0.1411078
[1] 0.1411078
