[1] "Table of Cluster frequencies:"

  1   2   3   4   5 
315 204 286 413 608 
[1] "distribution of runLengths:"

  1   2   3   4   5   6   7   8   9  10  11  12  13  14  15  16  18  21  22  23  29  32  52  85  88 103 110 
 63  51  41  28  17  21  15   6   6   6   3   5   2   7   1   4   2   1   2   1   2   1   1   1   1   1   1 
[1] 0.1409929
  cluster size ave.sil.width
1       1  315          0.06
2       2  204          0.12
3       3  286          0.07
4       4  413          0.01
5       5  608          0.31
