[1] "Table of Cluster frequencies:"

   1    2    3    4    5 
 752  563  689  994 1020 
[1] "distribution of runLengths:"

  1   2   3   4   5   6   7   8   9  10  11  12  13  14  15  16  17  18  19  20  22  23  24  26  27  28  29  38  40  41  43  51  59  64 
156 119  92  45  40  30  25  18  27  13   8  11   7   9   9   4   5   3   3   2   1   2   3   3   1   1   2   1   3   1   1   1   1   1 
 71  77  81  82  83 
  1   1   1   1   2 
[1] 0.1052356
  cluster size ave.sil.width
1       1  752          0.09
2       2  563          0.03
3       3  689          0.05
4       4  994          0.02
5       5 1020          0.28
