[1] "Table of Cluster frequencies:"

  1   2   3   4   5 
371 199 302 340 615 
[1] "distribution of runLengths:"

  1   2   3   4   5   6   7   8   9  10  11 
 65  53  32  26  15  14  14  10   6   7   2 
 12  13  14  15  16  17  19  20  21  22  23 
  4   4   1   2   2   1   2   2   1   1   2 
 24  36 101 102 111 119 120 
  1   1   1   1   1   1   1 
[1] 0.1589071
  cluster size ave.sil.width
1       1  371          0.13
2       2  199          0.10
3       3  302          0.08
4       4  340          0.08
5       5  615          0.28
