[1] "Table of Cluster frequencies:"

  1   2   3   4   5 
315 340 255 475 441 
[1] "distribution of runLengths:"

 1  2  3  4  5  6  7  8  9 10 11 12 13 14 16 
74 54 23 27 16 15  7  8  5  6  7  8  3  2  2 
17 18 19 20 22 23 24 25 27 28 33 34 40 65 71 
 2  3  1  1  1  1  1  2  1  2  1  1  1  1  1 
74 79 82 
 1  1  1 
[1] 0.1364704
  cluster size ave.sil.width
1       1  315          0.10
2       2  340          0.12
3       3  255          0.13
4       4  475          0.07
5       5  441          0.25
