[1] "Table of Cluster frequencies:"

  1   2   3   4   5 
381 400 189 291 566 
[1] "distribution of runLengths:"

  1   2   3   4   5   6   7   8   9  10  11 
 64  43  35  23  13  13  14   5   7   3   5 
 12  13  14  15  16  17  18  19  22  23  24 
  3   4   1   3   2   2   3   1   2   1   1 
 25  30  33  35  91  94  97 103 116 
  3   1   1   1   1   1   1   1   1 
[1] 0.1561661
  cluster size ave.sil.width
1       1  381          0.15
2       2  400          0.07
3       3  189          0.13
4       4  291          0.08
5       5  566          0.27
