[1] "Table of Cluster frequencies:"

  1   2   3   4   5 
402 156 412 277 579 
[1] "distribution of runLengths:"

  1   2   3   4   5   6   7   8   9  10  11 
 71  42  37  18  22  11  11   8   8   7   3 
 12  13  14  15  16  19  20  22  23  25  26 
  7   5   1   3   2   2   1   1   1   2   1 
 30  31  90 100 105 108 113 
  1   1   1   1   1   1   1 
[1] 0.1672577
  cluster size ave.sil.width
1       1  402          0.08
2       2  156          0.15
3       3  412          0.14
4       4  277          0.09
5       5  579          0.29
