[1] "Table of Cluster frequencies:"

  1   2   3   4   5 
213 369 396 298 550 
[1] "distribution of runLengths:"

  1   2   3   4   5   6   7   8   9  10  11 
 71  59  42  28  17   6  12   8   6   8   4 
 12  13  14  15  16  17  19  20  21  22  23 
  4   1   1   1   1   2   2   1   1   3   2 
 24  28  92  93 100 112 
  4   1   1   1   2   1 
[1] 0.1522298
  cluster size ave.sil.width
1       1  213          0.10
2       2  369          0.14
3       3  396          0.06
4       4  298          0.11
5       5  550          0.27
