[1] "Table of Cluster frequencies:"

  1   2   3   4   5 
374 196 400 285 572 
[1] "distribution of runLengths:"

  1   2   3   4   5   6   7   8   9  10  11 
 72  44  29  27  12  13  14   8   2   5   5 
 12  13  14  15  16  17  18  19  22  23  24 
  3   4   1   4   2   3   3   1   2   1   2 
 25  31  33  92  94  97 103 116 
  2   1   1   1   1   1   1   1 
[1] 0.157861
  cluster size ave.sil.width
1       1  374          0.16
2       2  196          0.13
3       3  400          0.06
4       4  285          0.08
5       5  572          0.27
