[1] "Table of Cluster frequencies:"

   1    2    3    4    5    6 
1534 1743 1260 1704 1570 3147 
[1] "distribution of runLengths:"

  1   2   3   4   5   6   7   8   9  10  11 
582 340 207 181 127  94  71  44  45  29  27 
 12  13  14  15  16  17  18  19  20  21  22 
 22  26  16  10  15   8  12   6   4   4   5 
 23  24  25  26  27  31  32  34  39  42  53 
  6   8   6   1   1   2   2   1   1   1   1 
 60  65  72  74  76  77  78  80  81  83  84 
  1   1   1   1   2   3   2   2   1   2   1 
 85  86  89  90  93  94  95  96  99 103 105 
  1   2   1   1   1   1   1   1   1   1   1 
106 
  1 
[1] "timeline Value:"
[1] 5194.8
[1] 0.1454454
