[1] "Table of Cluster frequencies:"

   1    2    3    4    5    6 
1443 1566 1579 1673 1957 2740 
[1] "distribution of runLengths:"

  1   2   3   4   5   6   7   8   9  10  11 
662 365 258 168 132  70  86  61  35  35  33 
 12  13  14  15  16  17  18  19  20  21  22 
 16  13  17  10  12  10  12   8   8   6   3 
 23  24  25  26  27  28  29  30  31  32  33 
  1   1   6   1   5   1   4   3   1   2   1 
 34  35  38  43  60  61  69  70  72  74  76 
  1   1   1   1   1   1   3   2   2   2   1 
 77  78  79  81  83  89  90  91  94 
  5   4   1   2   1   1   1   1   1 
[1] "timeline Value:"
[1] 5287.3
[1] 0.1290074
