[1] "Table of Cluster frequencies:"

   1    2    3    4    5 
2001 1782 1544 1824 3807 
[1] "distribution of runLengths:"

  1   2   3   4   5   6   7   8   9  10  11 
527 364 213 148  99  80  76  49  32  33  21 
 12  13  14  15  16  17  18  19  20  21  22 
 24  18  17  10  11  11   9   7   7   4   8 
 23  25  26  27  29  31  32  33  37  38  41 
  2   1   5   1   1   1   2   2   1   1   1 
 46  77  86  91  92  94  96  97  98 100 104 
  1   1   1   2   1   1   1   1   1   3   1 
106 108 110 111 112 113 114 116 123 125 128 
  1   2   1   1   1   1   3   4   1   1   1 
[1] "timeline Value:"
[1] 4729.3
[1] 0.1607987
