[1] "Table of Cluster frequencies:"

   1    2    3    4    5    6 
1451 1556 1593 1672 1955 2731 
[1] "distribution of runLengths:"

  1   2   3   4   5   6   7   8   9  10 
684 359 260 169 129  69  88  54  42  36 
 11  12  13  14  15  16  17  18  19  20 
 34  15  13  16   8  12   8  13   7   9 
 21  22  23  24  25  26  27  28  29  30 
  6   4   1   2   5   2   5   1   3   2 
 31  32  33  34  35  38  43  45  60  61 
  1   2   1   1   1   1   1   1   1   1 
 69  70  72  74  76  77  78  79  80  81 
  3   2   2   2   2   5   3   1   1   1 
 83  89  90  91  94 
  1   1   1   1   1 
[1] "timeline Value:"
[1] 5284.7
[1] 0.1295308
